0.996457344864	1
0.001321143422	2
0.000375530493	3
0.000226223189	4
0.000123668677	5
0.000084456657	7
0.000082948503	6
0.000063342493	9
0.000063342493	8
0.000061834338	10
0.000036195710	12
0.000033179401	13
0.000031671246	14
0.000031671246	11
0.000025638628	18
0.000025638628	17
0.000024130473	16
0.000019606010	22
0.000018097855	19
0.000018097855	15
0.000016589701	30
0.000013573391	39
0.000013573391	23
0.000013573391	21
0.000012065237	24
0.000010557082	27
0.000010557082	20
0.000009048928	62
0.000009048928	56
0.000009048928	49
0.000009048928	37
0.000009048928	35
0.000009048928	25
0.000007540773	75
0.000007540773	50
0.000007540773	45
0.000007540773	38
0.000007540773	34
0.000007540773	26
0.000006032618	47
0.000006032618	33
0.000006032618	32
0.000006032618	31
0.000006032618	29
0.000006032618	28
0.000004524464	71
0.000004524464	63
0.000004524464	61
0.000004524464	46
0.000004524464	44
0.000004524464	43
0.000004524464	41
0.000004524464	40
0.000004524464	36
0.000004524464	157
0.000004524464	113
0.000003016309	93
0.000003016309	85
0.000003016309	83
0.000003016309	81
0.000003016309	675
0.000003016309	674
0.000003016309	65
0.000003016309	645
0.000003016309	600
0.000003016309	60
0.000003016309	557
0.000003016309	55
0.000003016309	543
0.000003016309	52
0.000003016309	51
0.000003016309	42
0.000003016309	330
0.000003016309	325
0.000003016309	324
0.000003016309	280
0.000003016309	256
0.000003016309	252
0.000003016309	250
0.000003016309	247
0.000003016309	241
0.000003016309	240
0.000003016309	238
0.000003016309	183
0.000003016309	169
0.000003016309	163
0.000003016309	143
0.000003016309	116
0.000003016309	111
0.000003016309	108
0.000003016309	107
0.000003016309	102
0.000001508155	985696
0.000001508155	979
0.000001508155	977599
0.000001508155	972
0.000001508155	97
0.000001508155	96
0.000001508155	9568
0.000001508155	952
0.000001508155	94
0.000001508155	9250
0.000001508155	92
0.000001508155	9126
0.000001508155	90969
0.000001508155	904
0.000001508155	899
0.000001508155	8939
0.000001508155	89056
0.000001508155	890
0.000001508155	87224
0.000001508155	87
0.000001508155	86854
0.000001508155	86085
0.000001508155	858
0.000001508155	856
0.000001508155	855
0.000001508155	854
0.000001508155	8426
0.000001508155	83813
0.000001508155	8291
0.000001508155	82866
0.000001508155	806
0.000001508155	80014
0.000001508155	798
0.000001508155	791
0.000001508155	7786
0.000001508155	776
0.000001508155	772
0.000001508155	762257
0.000001508155	7611
0.000001508155	76
0.000001508155	753011
0.000001508155	745
0.000001508155	742
0.000001508155	74
0.000001508155	720
0.000001508155	72
0.000001508155	7103
0.000001508155	70
0.000001508155	6980
0.000001508155	698
0.000001508155	69318
0.000001508155	6904
0.000001508155	69
0.000001508155	686
0.000001508155	678
0.000001508155	670
0.000001508155	67
0.000001508155	66719
0.000001508155	664361
0.000001508155	664
0.000001508155	663
0.000001508155	66
0.000001508155	6553
0.000001508155	6551
0.000001508155	6494
0.000001508155	64577260
0.000001508155	64
0.000001508155	635
0.000001508155	633773
0.000001508155	626
0.000001508155	62312
0.000001508155	6199
0.000001508155	616
0.000001508155	60695
0.000001508155	603
0.000001508155	60291
0.000001508155	602
0.000001508155	59978
0.000001508155	598
0.000001508155	5963160
0.000001508155	59509
0.000001508155	595
0.000001508155	593
0.000001508155	5922
0.000001508155	59
0.000001508155	589
0.000001508155	5859
0.000001508155	5713
0.000001508155	57
0.000001508155	5648
0.000001508155	5638
0.000001508155	559
0.000001508155	555502
0.000001508155	552
0.000001508155	54
0.000001508155	5390
0.000001508155	534
0.000001508155	53
0.000001508155	524832
0.000001508155	5224
0.000001508155	522
0.000001508155	521
0.000001508155	51215
0.000001508155	5075
0.000001508155	5038
0.000001508155	502
0.000001508155	498
0.000001508155	49564492
0.000001508155	49344
0.000001508155	491
0.000001508155	4892
0.000001508155	489
0.000001508155	4855
0.000001508155	48446
0.000001508155	48
0.000001508155	478
0.000001508155	47788
0.000001508155	473299
0.000001508155	471
0.000001508155	4701
0.000001508155	463
0.000001508155	459
0.000001508155	45865
0.000001508155	45398
0.000001508155	451
0.000001508155	4494
0.000001508155	445849
0.000001508155	440
0.000001508155	4365
0.000001508155	4313
0.000001508155	423
0.000001508155	402
0.000001508155	393
0.000001508155	39249
0.000001508155	387
0.000001508155	385
0.000001508155	3847
0.000001508155	384
0.000001508155	3834
0.000001508155	382
0.000001508155	380
0.000001508155	378
0.000001508155	3753
0.000001508155	375
0.000001508155	371
0.000001508155	369
0.000001508155	368
0.000001508155	3678
0.000001508155	367
0.000001508155	365
0.000001508155	36438564
0.000001508155	363
0.000001508155	36113
0.000001508155	360
0.000001508155	35920
0.000001508155	3569
0.000001508155	3562
0.000001508155	356
0.000001508155	354
0.000001508155	3512
0.000001508155	3484
0.000001508155	3480
0.000001508155	342
0.000001508155	3416119
0.000001508155	340
0.000001508155	339
0.000001508155	333
0.000001508155	3286
0.000001508155	322
0.000001508155	318
0.000001508155	3126
0.000001508155	31218222
0.000001508155	30506
0.000001508155	299
0.000001508155	297
0.000001508155	28352
0.000001508155	2816218
0.000001508155	279982
0.000001508155	279291
0.000001508155	279
0.000001508155	275820
0.000001508155	274
0.000001508155	273
0.000001508155	271
0.000001508155	269
0.000001508155	2666
0.000001508155	2636
0.000001508155	2620349
0.000001508155	2615
0.000001508155	259
0.000001508155	2586
0.000001508155	2580
0.000001508155	2565
0.000001508155	2562014
0.000001508155	255
0.000001508155	2545
0.000001508155	248
0.000001508155	244
0.000001508155	24392
0.000001508155	2425
0.000001508155	2379
0.000001508155	2353
0.000001508155	234760
0.000001508155	23457
0.000001508155	23326
0.000001508155	230
0.000001508155	226
0.000001508155	22532
0.000001508155	22014
0.000001508155	220
0.000001508155	219
0.000001508155	21833
0.000001508155	2181
0.000001508155	211
0.000001508155	2108183
0.000001508155	21024
0.000001508155	20746
0.000001508155	20726
0.000001508155	201
0.000001508155	19972
0.000001508155	1986
0.000001508155	1948
0.000001508155	193
0.000001508155	191
0.000001508155	187287
0.000001508155	1860
0.000001508155	1852084
0.000001508155	18394
0.000001508155	182
0.000001508155	180
0.000001508155	17793
0.000001508155	1747
0.000001508155	1742
0.000001508155	174
0.000001508155	173045
0.000001508155	172
0.000001508155	17174
0.000001508155	1717
0.000001508155	16711533
0.000001508155	166
0.000001508155	16567
0.000001508155	16396
0.000001508155	16199
0.000001508155	15943199
0.000001508155	1584556
0.000001508155	1584
0.000001508155	15683
0.000001508155	155
0.000001508155	154
0.000001508155	153
0.000001508155	15257
0.000001508155	1514
0.000001508155	151
0.000001508155	1508407
0.000001508155	150469493
0.000001508155	1473
0.000001508155	147
0.000001508155	146302
0.000001508155	146
0.000001508155	1416705
0.000001508155	1400519
0.000001508155	13939471
0.000001508155	137602
0.000001508155	136
0.000001508155	134
0.000001508155	133
0.000001508155	132
0.000001508155	13022957
0.000001508155	129
0.000001508155	1284
0.000001508155	128
0.000001508155	1270058
0.000001508155	12655
0.000001508155	1261
0.000001508155	126
0.000001508155	12552
0.000001508155	12506793
0.000001508155	1241
0.000001508155	1236
0.000001508155	12331516
0.000001508155	123
0.000001508155	1226
0.000001508155	1222
0.000001508155	12126
0.000001508155	12125
0.000001508155	121
0.000001508155	120
0.000001508155	1199
0.000001508155	11881
0.000001508155	118528
0.000001508155	1183
0.000001508155	117706
0.000001508155	11768
0.000001508155	1173677
0.000001508155	117
0.000001508155	11690
0.000001508155	114
0.000001508155	113380
0.000001508155	11287
0.000001508155	11265
0.000001508155	11179
0.000001508155	110
0.000001508155	1096
0.000001508155	109
0.000001508155	1085
0.000001508155	1059953
0.000001508155	1059898
0.000001508155	10530
0.000001508155	10529
0.000001508155	105
0.000001508155	1048447
0.000001508155	1048340
0.000001508155	1048327
0.000001508155	1048264
0.000001508155	104458
0.000001508155	1038
0.000001508155	1037
0.000001508155	1030
0.000001508155	103
0.000001508155	1025
0.000001508155	1022
0.000001508155	1013
0.000001508155	1009
0.000001508155	1007
0.000001508155	100002
0.000001508155	100
